Half Cheetah Parameters:

"[Velocities]"

Training Tasks

[1.18013644,0.22691475,1.46218167,1.90577056,0.12959191,1.82143369,1.97995746,1.57855535,0.68234899,1.24622993,0.16675069,1.43099215,0.0227722,0.99451066,
0.26767087,1.1097496,1.78486108,0.74157183,1.9854207,1.21153606,1.38013644,1.98446177,1.19702266,1.40305521,0.32170771,1.82143369,0.47360372,
1.47664015,1.44046531,1.05831919,1.18109657,1.01020552,0.2689119,0.75705645,1.4,0.98954242,0.49405311,1.02092707,1.35711861,1.3729614]

Validation Tasks

[1.28123434,0.28224561,0.52345625,0.72125534,1.91234538]

Selected Tasks

[0.68234899, 1.35711861,1.47664015,1.82143369,1.40305521,1.98446177,1.21153606,0.74157183,1.1097496,0.99451066,
1.43099215,1.24622993,1.57855535,1.82143369,1.90577056,0.22691475]

Test Tasks

[0.71214525,1.25123454,1.843414896,0.38423578,1.47157891]