Ant Parameters:

"[Velocities]"

Training Tasks

[2.85272458,2.3857683,0.07352422,0.5190125,1.42340692,1.20669249,2.87987985,1.83133173, 1.82986389,0.5951138,2.58655228,1.15143013,0.20972245,1.27789949, 
2.17357958, 1.97127488,0.67275606,0.24244218,1.56873556,2.72392803,1.9280589,0.18282434,2.57763733,1.10771513,2.16761452,0.14086963,1.6241767,0.04729293,
2.49905683,1.00607709,2.51789655,1.1066064,1.78040127,2.82393922,1.6885048,0.134973,2.11731589, 2.26357493,1.85698186,1.3729614]

Selected Tasks

[1.3729614,2.26357493,0.134973,0.67275606,1.78040127,2.51789655,2.49905683,1.6241767,2.16761452,1.9280589,1.56873556,1.97127488,
1.27789949,1.15143013,1.82986389,2.87987985,1.42340692,2.3857683]

Validation Tasks

[1.13245621,0.26123455,2.65341287,0.84416898,1.91347543]

Test Tasks

[0.3515559,1.16429352,2.9854702,0.82699491,1.75950842]